
-tp:
PID	Start Time	End Time	Size	Faults

-ts:
Run Time	Idle Time	Processes	Context Switches	References	Page Faults	Frames	Replacement Algorithm	Locality
619		0		0		0			500		118		10	f			s
549		0		0		0			500		48		25	f			s
504		0		0		0			500		3		50	f			s
501		0		0		0			500		0		80	f			s
616		0		0		0			500		115		10	l			s
538		0		0		0			500		37		25	l			s
504		0		0		0			500		3		50	l			s
501		0		0		0			500		0		80	l			s
856		0		0		0			500		355		10	2			s
725		0		0		0			500		224		25	2			s
510		0		0		0			500		9		50	2			s
501		0		0		0			500		0		80	2			s
715		0		0		0			500		214		10	f			t
669		0		0		0			500		168		25	f			t
592		0		0		0			500		91		50	f			t
518		0		0		0			500		17		80	f			t
716		0		0		0			500		215		10	l			t
675		0		0		0			500		174		25	l			t
587		0		0		0			500		86		50	l			t
519		0		0		0			500		18		80	l			t
705		0		0		0			500		204		10	2			t
657		0		0		0			500		156		25	2			t
581		0		0		0			500		80		50	2			t
515		0		0		0			500		14		80	2			t
631		0		0		0			500		130		10	f			b
569		0		0		0			500		68		25	f			b
514		0		0		0			500		13		50	f			b
501		0		0		0			500		0		80	f			b
633		0		0		0			500		132		10	l			b
570		0		0		0			500		69		25	l			b
514		0		0		0			500		13		50	l			b
501		0		0		0			500		0		80	l			b
708		0		0		0			500		207		10	2			b
618		0		0		0			500		117		25	2			b
520		0		0		0			500		19		50	2			b
501		0		0		0			500		0		80	2			b
947		0		0		0			500		446		10	f			r
858		0		0		0			500		357		25	f			r
728		0		0		0			500		227		50	f			r
567		0		0		0			500		66		80	f			r
946		0		0		0			500		445		10	l			r
863		0		0		0			500		362		25	l			r
727		0		0		0			500		226		50	l			r
579		0		0		0			500		78		80	l			r
943		0		0		0			500		442		10	2			r
865		0		0		0			500		364		25	2			r
732		0		0		0			500		231		50	2			r
584		0		0		0			500		83		80	2			r
